0 0.485156 0.500781 0.082812 0.998437
0 0.123438 0.120313 0.131250 0.237500
0 0.134375 0.618750 0.087500 0.696875
0 0.074219 0.752344 0.145313 0.064062
0 0.250000 0.685937 0.193750 0.078125
0 0.074219 0.894531 0.145313 0.085938
0 0.321094 0.858594 0.323437 0.073438
0 0.210156 0.925000 0.048438 0.150000
0 0.614844 0.971875 0.226562 0.056250
0 0.872656 0.906250 0.254688 0.187500
0 0.764062 0.500781 0.125000 0.998437
0 0.942969 0.186719 0.114062 0.085938
0 0.864062 0.043750 0.037500 0.071875
0 0.474219 0.403906 0.945312 0.076563
