0 0.500781 0.515625 0.998437 0.956250
0 0.093750 0.337500 0.056250 0.190625
0 0.164062 0.402344 0.068750 0.160938
0 0.253125 0.467969 0.053125 0.182812
0 0.324219 0.524219 0.060937 0.129688
0 0.430469 0.597656 0.079687 0.126562
0 0.032031 0.310937 0.060937 0.196875
0 0.169531 0.173437 0.335938 0.109375
0 0.163281 0.250000 0.035937 0.103125
0 0.270313 0.267188 0.084375 0.200000
0 0.379688 0.278125 0.159375 0.346875
0 0.432812 0.290625 0.181250 0.081250
0 0.432812 0.389844 0.131250 0.167187
0 0.533594 0.202344 0.114062 0.248438
0 0.615625 0.138281 0.056250 0.123438
0 0.672656 0.096875 0.051562 0.068750
0 0.619531 0.399219 0.235937 0.242188
0 0.629687 0.599219 0.318750 0.148438
0 0.650000 0.665625 0.106250 0.268750
0 0.818750 0.431250 0.184375 0.315625
0 0.826562 0.242188 0.346875 0.387500
0 0.725781 0.182812 0.132812 0.193750
