0 0.364844 0.223438 0.470313 0.059375
0 0.578906 0.114062 0.070312 0.225000
0 0.668750 0.378125 0.137500 0.296875
0 0.770312 0.366406 0.140625 0.101562
0 0.839844 0.191406 0.035937 0.379688
0 0.875000 0.675781 0.075000 0.573438
0 0.926562 0.400781 0.146875 0.089063
0 0.696094 0.792188 0.045312 0.415625
0 0.039062 0.044531 0.075000 0.060937
0 0.124219 0.232031 0.114062 0.460938
0 0.364063 0.093750 0.040625 0.184375
0 0.232031 0.352344 0.123438 0.248438
0 0.145313 0.537500 0.059375 0.146875
0 0.500781 0.667188 0.998437 0.118750
0 0.057813 0.719531 0.112500 0.173437
0 0.036719 0.297656 0.070312 0.042188
