0 0.448437 0.317969 0.893750 0.439063
0 0.445312 0.672656 0.887500 0.654687
0 0.400000 0.417187 0.100000 0.153125
0 0.224219 0.521875 0.445312 0.159375
0 0.392188 0.612500 0.115625 0.234375
0 0.546875 0.640625 0.303125 0.228125
0 0.371094 0.191406 0.739062 0.189062
0 0.800000 0.285938 0.137500 0.050000
0 0.630469 0.417969 0.201563 0.257812
0 0.460938 0.336719 0.221875 0.051562
0 0.444531 0.910937 0.157812 0.178125
0 0.231250 0.892969 0.275000 0.214062
0 0.109375 0.702344 0.215625 0.314063
0 0.805469 0.181250 0.101562 0.106250
