0 0.345313 0.623437 0.112500 0.753125
0 0.671875 0.480469 0.656250 0.145313
0 0.642188 0.331250 0.578125 0.143750
0 0.625781 0.189844 0.095312 0.376563
0 0.157812 0.374219 0.306250 0.073438
0 0.721875 0.771094 0.103125 0.457813
0 0.477344 0.792188 0.239063 0.096875
0 0.864844 0.857031 0.270313 0.079687
0 0.892188 0.714063 0.215625 0.225000
0 0.893750 0.564844 0.212500 0.123438
0 0.094531 0.057813 0.185938 0.068750
0 0.228906 0.852344 0.207813 0.095312
0 0.088281 0.779687 0.089063 0.040625
0 0.185156 0.587500 0.264062 0.193750
