0 0.133594 0.193750 0.264062 0.143750
0 0.337500 0.203906 0.140625 0.114062
0 0.642969 0.244531 0.457813 0.142187
0 0.895312 0.089063 0.209375 0.175000
0 0.903125 0.284375 0.137500 0.256250
0 0.575781 0.829688 0.532813 0.340625
0 0.731250 0.520312 0.262500 0.221875
0 0.923438 0.837500 0.153125 0.325000
0 0.127344 0.448437 0.251563 0.215625
0 0.340625 0.484375 0.181250 0.428125
0 0.332031 0.092188 0.057813 0.181250
0 0.104688 0.076563 0.078125 0.150000
0 0.534375 0.076563 0.093750 0.150000
0 0.105469 0.825781 0.207813 0.151562
0 0.261719 0.795312 0.095312 0.203125
0 0.885156 0.548438 0.114062 0.281250
