0 0.376563 0.307031 0.131250 0.610938
0 0.157812 0.425000 0.081250 0.193750
0 0.069531 0.650000 0.092188 0.162500
0 0.086719 0.712500 0.170313 0.368750
0 0.635938 0.247656 0.465625 0.492188
0 0.840625 0.735938 0.115625 0.528125
0 0.572656 0.729688 0.332813 0.540625
0 0.425781 0.753906 0.154688 0.492188
0 0.213281 0.876563 0.073438 0.246875
0 0.253125 0.699219 0.256250 0.126562
0 0.019531 0.084375 0.035937 0.146875
0 0.219531 0.183594 0.282813 0.157812
0 0.553906 0.342187 0.070312 0.262500
0 0.832812 0.955469 0.334375 0.089063
0 0.763281 0.809375 0.167187 0.050000
0 0.946094 0.854688 0.107813 0.059375
0 0.930469 0.510156 0.139063 0.198437
0 0.685156 0.060937 0.142187 0.118750
0 0.921094 0.226562 0.157812 0.146875
