0 0.742188 0.500781 0.096875 0.998437
0 0.419531 0.369531 0.073438 0.735938
0 0.460156 0.745313 0.535937 0.103125
0 0.846094 0.829688 0.142187 0.078125
0 0.150781 0.083594 0.145313 0.164062
0 0.310937 0.141406 0.165625 0.279687
0 0.287500 0.450000 0.268750 0.331250
0 0.097656 0.735156 0.192188 0.226562
0 0.081250 0.288281 0.159375 0.267188
0 0.018750 0.057813 0.034375 0.112500
0 0.585156 0.502344 0.245312 0.107813
0 0.560156 0.137500 0.251563 0.128125
0 0.957812 0.628906 0.084375 0.323437
0 0.903125 0.267969 0.193750 0.270313
0 0.925781 0.056250 0.148438 0.109375
