0 0.582031 0.334375 0.110937 0.596875
0 0.492969 0.717187 0.114062 0.565625
0 0.633594 0.135156 0.079687 0.267188
0 0.246875 0.139063 0.203125 0.275000
0 0.162500 0.214844 0.321875 0.376563
0 0.232031 0.486719 0.092188 0.248438
0 0.021094 0.557031 0.039062 0.164062
0 0.249219 0.738281 0.435937 0.110937
0 0.269531 0.882812 0.376563 0.084375
0 0.846094 0.288281 0.214062 0.160938
0 0.921094 0.117188 0.157812 0.068750
0 0.694531 0.394531 0.095312 0.089063
0 0.735156 0.542188 0.160938 0.256250
0 0.904687 0.559375 0.190625 0.150000
0 0.872656 0.765625 0.254688 0.221875
