0 0.243750 0.548438 0.200000 0.903125
0 0.549219 0.636719 0.120313 0.467187
0 0.813281 0.539062 0.210938 0.153125
0 0.542969 0.281250 0.254688 0.293750
0 0.505469 0.728906 0.148438 0.342187
0 0.488281 0.942969 0.114062 0.114062
0 0.304688 0.804688 0.178125 0.093750
0 0.082812 0.239063 0.162500 0.262500
0 0.059375 0.769531 0.115625 0.129688
0 0.411719 0.113281 0.507812 0.223438
0 0.925781 0.390625 0.148438 0.106250
0 0.935937 0.564844 0.106250 0.064062
0 0.895312 0.722656 0.190625 0.167187
0 0.782031 0.951562 0.139063 0.096875
